"Plant ID" "Electricity (MWh, per day)" "SO2 (Short tons, per day)" "NOx (Short tons, per day)" "Capital stock (Dollars (in millions, 2018$))" "Employees (Workers)" "Heat content of coal (MWh, per day)" "Heat content of oil (MWh, per day" "Heat content of gas (MWh, per day)"
"1" 3 24090.4371108344 158.680500622665 73.592396014944 2061.73526989478 418.636363636364 68142.7814807434 34.0710058793885 474.742574157036
"2" 8 20718.3501867995 253.618727272727 66.5178530510585 1931.51376065845 488.545454545455 59971.4795394528 113.863864582779 0
"3" 470 9706.37584059776 32.4296264009963 45.0193399750934 1009.49574158892 114.272727272727 29559.3372241358 36.4903858033339 28.992941026924
"4" 602 14847.6789539228 78.2697110834371 45.128702366127 1899.56184910466 148.818181818182 43274.0860356971 242.317568902482 0
"5" 641 12402.1501867995 265.630864259028 54.3575491905355 1537.12060448123 239.545454545455 38104.022772913 37.8761083103517 601.134972204234
"6" 708 9908.0801992528 129.59898879203 43.5722938978829 1077.46291820104 278.454545454545 30480.8433986878 60.8261442409478 0
"7" 709 25355.8313823163 245.402505603985 110.480398505604 1712.80972940877 431.272727272727 72773.8728239027 47.6598264691905 0
"8" 728 13367.9526774595 221.438156911582 43.066400996264 1633.61059992393 414.090909090909 40673.7033599239 81.1060722624689 0
"9" 856 9048.75143212951 66.9264657534247 36.1229589041096 1058.26763252444 158.636363636364 26466.9038870894 39.5547116241448 0
"10" 861 9607.06351183063 287.592373599004 80.8117534246576 1262.00108444959 286.636363636364 29995.5081582792 44.2795997459528 0
"11" 862 1130.35279950187 30.2768293897883 5.99672727272728 507.114541981766 101.545454545455 3694.49984436598 23.0767099176835 0
"12" 863 1424.96503113325 32.9123262764633 5.53142465753424 393.847144773944 89.9090909090909 4486.24232625081 28.9030995607692 0
"13" 864 3063.81414694894 72.6458630136986 10.825098381071 774.921948893967 146.545454545455 9364.17224104926 184.252628847805 0
"14" 876 10383.9526774595 356.540132004981 93.781491905355 1541.95523525864 299.181818181818 34603.847001873 0 76.8873775835616
"15" 879 11365.9686176837 52.4266525529265 61.3342366127024 3140.42763565615 363.727272727273 39168.2565099024 0 138.931588595093
"16" 887 17504.8343711083 242.562881693649 57.7529290161893 2118.96898022957 345.454545454545 53064.1599446545 43.7105639389023 62.3078070252802
"17" 889 25381.5623262765 648.661509339975 162.417603985056 1992.53943370457 264.090909090909 75598.718761061 75.5829744029888 0
"18" 983 26165.9514321295 662.883163138231 177.35202988792 1962.70705221549 390.454545454545 75353.6305568817 15.5940739349606 0
"19" 988 10810.6094645081 161.259870485679 63.8296164383562 1904.71962924292 311.909090909091 30896.8175583736 132.154868051154 0
"20" 991 1746.13250311332 30.1 6.45752179327522 671.674830428373 99.1818181818182 5851.46570297151 67.1473843916232 0
"21" 994 25527.4219178082 283.188592777086 74.2280149439602 3025.18585949408 324.363636363636 77488.1171617452 103.391417033567 0
"22" 1004 442.921448069738 12.8510709838107 3.03286674968867 380.208392027491 66.6363636363636 1742.57482247542 30.2405475586551 0
"23" 1008 6053.77875466999 126.893855541719 28.0282615193026 851.85815142736 151.454545454545 18889.701272362 148.524495532534 0
"24" 1012 5402.59580572852 122.77794520548 25.0480249066002 609.213181163322 86.4545454545455 16981.9541598798 5.31107280871233 14.8687071804732
"25" 1047 2760.82887870486 15.8444657534246 17.7471407222914 533.891405273406 51.1818181818182 9526.39989379661 34.0359447481943 0
"26" 1250 4885.11830635118 12.5295367372354 18.2684084682441 676.434811202022 134.909090909091 16201.359646272 0 301.088174362216
"27" 1355 8587.93250311332 139.834525529265 28.8910684931507 768.338382673776 149.181818181818 26698.0349480389 49.8694343612652 0
"28" 1356 25417.8772104607 255.35103860523 82.6753175591532 2262.91121457174 237.363636363636 76462.3633185828 133.574681379826 0
"29" 1357 2444.03686176837 53.1817285180573 13.0946749688668 411.909518886643 105.272727272727 8313.91541407093 10.412509704807 0
"30" 1364 19582.0777085928 350.527212951432 71.0727745952677 1962.45947696164 418.545454545455 58579.0165308242 166.135368116592 89.5806366145704
"31" 1570 1173.97882938979 9.38056288916563 3.77387795765878 351.088460479724 66.3636363636364 3689.93663765345 24.4232889422167 0
"32" 1606 2853.7167618929 27.5108343711083 10.8947148194272 218.315652333336 68.0909090909091 8187.52248316737 7.25426895722271 0
"33" 1695 5271.56164383562 30.4021120797011 17.7349115815691 834.533525513849 166.272727272727 15429.9577516677 31.7899770736737 17.8616372851806
"34" 1745 9132.1098381071 53.3374694894147 30.0500124533001 2033.77536218319 326.272727272727 27852.9131146273 123.584302311142 0
"35" 1943 800.835691158157 4.39888667496887 4.49375591531756 251.285498446572 42.2727272727273 2770.84002497908 10.2981572692901 0
"36" 2080 5773.99919302615 66.5830211706103 24.297195516812 632.091016846416 157.363636363636 17542.1822892034 33.9591974023433 0
"37" 2103 31500.6801992528 554.790186799502 102.004383561644 3127.27695947803 466.454545454545 93109.7508074019 284.597153135342 0
"38" 2107 10004.4266500623 197.3020249066 76.3812702366127 1182.41407581467 248.545454545455 30886.4232387792 34.5666258899626 0
"39" 2526 2038.87455666252 31.9983686176837 7.65414694894147 486.869569786643 75.2727272727273 6549.57060617051 31.6595150471942 0
"40" 2527 2490.25133723537 39.9232478206725 9.41239601494396 497.56627027043 83.1818181818182 7780.94818711332 38.9342451194272 0
"41" 2535 5536.88881195517 68.6308468244085 15.7684757160648 529.964784217021 89.5454545454545 15320.5621066322 14.4465083095378 0
"42" 2549 11232.0418430884 136.050929016189 49.7100249066002 2160.03605097754 291.454545454545 34428.7635251073 0 0
"43" 2554 9724.71033623911 146.32302615193 26.6489464508095 1230.56024269061 204.727272727273 28319.1056434596 27.2925531143027 0
"44" 2642 3439.37085927771 56.1916911581569 10.3253100871731 528.193825453138 132.727272727273 10617.3912247686 40.7842713181569 0
"45" 2706 6237.74171855542 49.3116537982565 25.7976288916563 416.469982924058 83.1818181818182 18021.5262094497 33.9207737577101 0
"46" 2718 6770.50510585305 49.2246176836862 19.2299302615193 1230.24588404026 152.454545454545 19805.5444100681 140.440876186191 0
"47" 2721 5638.28941469489 41.1499476961395 16.2501270236613 952.861994035833 139.818181818182 16453.1615778546 58.3268273659527 0
"48" 2727 26850.9085927771 178.418717310087 69.8738430884184 1704.09789245486 183.181818181818 71508.7113611699 147.150615400527 0
"49" 2790 1051.22926276463 7.72224408468244 2.21970361145704 214.817996335826 50.7272727272727 4072.51467439522 0 0.505629593275218
"50" 2850 40943.9788293898 433.24200747198 183.865867995019 2782.28952128036 542.363636363636 118098.126317278 81.796446733724 0
"51" 2864 6529.81544209216 182.159912826899 34.5415716064757 1209.07652459074 249 21677.2864618559 13.1077316160607 0
"52" 2872 20270.7496886675 683.679449564134 116.531175591532 2149.97734069043 369.272727272727 57674.1580883659 186.7132102915 0
"53" 2876 21315.0640099626 575.769820672478 133.74399750934 1658.76856025354 336.636363636364 61290.183811089 20.9634278573498 0
"54" 3098 5515.27566625156 12.4955566625156 27.8032229140722 1265.36185783694 216.818181818182 18611.4285695085 86.1849602685242 0
"55" 3130 3282.56737235367 43.5275790784558 12.2989638854297 620.856095492764 93.9090909090909 10796.3336765174 109.812919744199 0
"56" 3131 10027.7354919054 151.951469489415 35.714199252802 1152.5011325207 131.545454545455 30021.1861998679 237.908580763376 0
"57" 3138 4427.19750933998 59.6911930261519 22.8198156911582 793.679465314826 154.727272727273 14811.3412366517 37.8212264991011 0
"58" 3140 23663.4829389788 324.906831880448 64.8142814445828 1757.64400816387 209.818181818182 68326.7657026144 319.644734025818 0
"59" 3149 26197.4204234122 330.512134495641 70.961100871731 1710.41193221313 189.090909090909 72828.4699876635 344.773401521184 0
"60" 3178 5806.30087173101 83.8245853051059 25.5922590286426 543.406424048637 84.4545454545455 17105.6070557687 19.2765074732535 0
"61" 3297 10305.6403486924 92.3204657534246 43.7428916562889 757.990911682175 92.2727272727273 29807.9328932838 205.427367129845 0
"62" 3497 18019.3479452055 158.591419676214 51.8873823163138 1067.35376873478 220.545454545455 57542.3668115405 0 861.305442175317
"63" 3644 3052.31457036115 13.4445529265255 10.7318630136986 328.571452720612 97.5454545454545 9994.37914111208 11.0596893063512 0
"64" 3775 10706.6874221669 57.0098480697385 43.6927198007472 950.339061915602 173.636363636364 29414.9052804726 29.3878113300347 0
"65" 3776 3397.17110834371 23.9879352428394 13.3464557907846 762.986400432904 130 10662.4282884196 98.7141246640754 0
"66" 3788 5960.74445828144 37.1585678704857 18.393496886675 1079.05251990289 197.181818181818 18500.1829785678 146.666227680925 0
"67" 3796 3118.08642590286 21.8228542963885 13.9746799501868 535.161085482094 128.818181818182 9353.15818760572 32.4049663113325 0
"68" 3936 3384.06575342466 19.9275666251557 15.0397907845579 789.692574920053 138.545454545455 9789.32672754516 22.4240165666681 0
"69" 3945 951.888418430884 8.42224906600249 5.39077957658779 450.83434478051 79.7272727272727 3526.6386151602 13.5300698033873 0
"70" 3946 2386.98505603985 26.5910759651308 15.858505603985 485.921750989971 72.0909090909091 7307.31453084542 14.048794524284 3.28919824288916
"71" 3947 12830.7290161893 399.752665006227 84.657200498132 1021.06040803608 236.090909090909 36278.1094049494 16.9308778189938 0
"72" 3948 18989.6079701121 193.801890410959 79.3997534246575 1921.43378593187 252.454545454545 54454.0919877475 262.893301842118 0
"73" 4054 2860.72801992528 26.9052204234122 19.0406824408468 295.469783720513 62.6363636363636 8636.52430657101 3.97742082116578 0
"74" 4072 3837.21843088418 57.0646151930261 21.3160149439602 708.622397842569 154 12590.3236051368 26.7805433033126 155.650387668917
"75" 4158 14938.3337484433 64.0753773349938 89.7549290161894 1263.50021335598 257.363636363636 48815.0296635619 62.7697039872826 0
"76" 4162 11925.303113325 54.9052826899128 47.9683337484434 1050.68782484563 215 36361.234296934 25.6422304147701 88.5737862669738
"77" 6002 28307.9584059776 121.121118306351 85.3596338729762 3226.72802900438 403.909090909091 78793.4584614943 172.22112103985 1183.63384784486
"78" 6004 20344.1153175592 325.442316313823 71.8201220423412 2354.68720242308 247.636363636364 59548.8038277665 223.354219406077 21.2898015479452
"79" 6016 5487.82191780822 23.4588792029888 20.345100871731 906.630996832513 127.545454545455 16377.7451320143 25.0356161900696 0
"80" 6017 12264.4732254047 54.6752552926525 29.262296388543 1963.84249208773 238.636363636364 37203.0575250355 114.69922108065 0
"81" 6095 14886.7100871731 55.5589315068493 59.0284433374844 1273.27173177028 217.909090909091 44755.9161369277 46.3873003037637 0
"82" 6139 21219.7066002491 83.2662141967621 119.930515566625 1226.39823835616 131.181818181818 65148.4803731094 125.499498667995 0
"83" 6146 42208.1676214197 166.115095890411 124.363922789539 2553.06598469897 575.181818181818 137029.967549739 264.16700218939 0
"84" 6147 31474.7158156912 181.613823163138 111.685544209216 1878.91289465927 427.272727272727 102516.541790942 337.570229094994 0
"85" 6155 15598.8727272727 138.039103362391 54.278102117061 1410.92344270517 237.545454545455 45292.0399757859 52.5849521436613 0
"86" 6178 11311.5354919054 38.6231681195517 35.3478306351183 746.151477121205 107.181818181818 32138.2623143012 26.1509702979392 0
"87" 6193 19687.599750934 67.9814769613948 76.8735541718555 1114.59526838991 148.636363636364 57303.5060631861 0 174.222541468892
"88" 6248 8430.14894146949 35.9017708592777 54.3199950186799 1139.49705049279 117.363636363636 26594.1942065045 77.3634326267387 50.005525876538
"89" 6264 18923.0938978829 92.1756612702365 55.0919850560398 1788.94057245416 241.454545454545 51897.9302878558 172.914735088012 0
"90" 8042 33454.1459526775 214.028871731009 134.376381070984 1575.42939697052 178.545454545455 89227.7109979499 105.583916513674 0
"91" 8102 36412.9594022416 920.709270236613 174.138201743462 2782.4143693244 384.090909090909 104838.799532961 165.574780593899 0
"92" 8226 9131.24483188045 109.975183063512 24.8747671232877 1002.45892189461 153.818181818182 26443.5310551237 12.7696212020022 151.351353622914
